1 0 5107
2 5107 9792
3 14899 1653
4 16552 742
5 17294 727
6 18021 2921
7 20942 1871
8 22813 2312
9 25125 3183
10 28308 2894
11 31202 2957
12 34159 3009
13 37168 2439
14 39607 2470
15 42077 2539
16 44616 855
17 45471 1597
18 47068 5831
19 52899 2579
20 55478 1289
21 56767 2046
22 58813 1581
23 60394 2899
24 63293 5804
25 69097 1196
26 70293 2823
27 73116 1845
28 74961 1238
29 76199 1122
30 77321 1779
31 79100 5993
32 85093 1803
33 86896 3441
34 90337 1596
35 91933 614
36 92547 2705
37 95252 900
38 96152 5762
39 101914 5212
40 107126 1614
41 108740 765
42 109505 794
43 110299 2486
44 112785 5801
45 118586 3740
46 122326 3716
47 126042 3674
48 129716 3769
50 133485 3851
62 137336 630
63 137966 5821
64 143787 686
65 144473 2806
66 147279 2869
67 150148 1094
68 151242 1277
69 152519 7582
70 160101 1486
71 161587 2298
72 163885 2098
73 165983 1459
74 167442 985
75 168427 1704
76 170131 2624
77 172755 1911
78 174666 17042
79 191708 1548
80 193256 4849
81 198105 2110
82 200215 2821
83 203036 6281
84 209317 535
85 209852 4035
86 213887 2043
87 215930 1214
88 217144 4660
89 221804 855
90 222659 2119
91 224778 1897
92 226675 4184
93 230859 4697
94 235556 9239
95 244795 4132
96 248927 2708
97 251635 846
98 252481 811
99 253292 910
100 254202 1055
101 255257 5133
102 260390 7826
103 268216 5320
104 273536 11009
105 284545 1834
106 286379 7269
107 293648 3690
108 297338 7928
109 305266 480
110 305746 5215
111 310961 2496
112 313457 3083
113 316540 3881
114 320421 751
115 321172 873
116 322045 5674
117 327719 1486
118 329205 2140
119 331345 2620
120 333965 3668
121 337633 3272
122 340905 2088
123 342993 4828
124 347821 10144
125 357965 589
126 358554 3166
127 361720 3455
128 365175 5316
129 370491 3765
130 374256 6250
131 380506 9858
132 390364 2077
133 392441 1633
134 394074 3125
135 397199 5582
136 402781 3670
137 406451 1984
138 408435 4396
139 412831 1366
140 414197 9455
141 423652 4578
142 428230 2583
143 430813 3577
144 434390 1805
145 436195 1485
146 437680 1507
147 439187 4718
148 443905 2893
149 446798 8561
150 455359 7777
151 463136 5308
152 468444 3043
153 471487 7126
154 478613 1196
155 479809 2803
156 482612 2590
157 485202 1950
158 487152 2319
159 489471 526
160 489997 5883
161 495880 519
162 496399 2075
163 498474 6627
164 505101 5882
165 510983 2520
166 513503 3074
167 516577 8941
168 525518 3616
169 529134 3893
170 533027 3040
171 536067 8956
172 545023 4040
173 549063 3393
174 552456 3638
175 556094 1467
176 557561 4482
177 562043 1022
178 563065 1776
179 564841 5596
180 570437 2095
181 572532 1796
182 574328 15854
183 590182 5933
184 596115 2254
185 598369 2618
186 600987 5403
187 606390 3922
188 610312 13771
189 624083 3826
190 627909 1849
191 629758 3639
192 633397 6594
193 639991 2961
194 642952 565
195 643517 4690
196 648207 4556
197 652763 2710
198 655473 4743
199 660216 2158
200 662374 740
201 663114 1972
202 665086 3137
203 668223 2454
204 670677 7790
205 678467 2667
206 681134 2018
207 683152 6221
208 689373 4249
209 693622 4369
210 697991 3838
211 701829 6891
212 708720 3608
213 712328 3288
214 715616 4628
215 720244 5270
216 725514 4447
217 729961 3423
218 733384 4125
219 737509 1143
220 738652 7951
221 746603 4575
222 751178 4393
223 755571 4378
224 759949 4090
225 764039 5568
226 769607 7802
227 777409 2350
228 779759 2131
229 781890 2954
230 784844 2948
231 787792 4618
232 792410 5433
233 797843 3172
234 801015 4092
235 805107 5464
236 810571 4686
237 815257 5122
238 820379 2494
239 822873 2732
240 825605 2972
241 828577 8266
242 836843 1232
243 838075 774
244 838849 207
245 839056 4152
246 843208 3348
247 846556 1548
248 848104 9953
249 858057 3072
250 861129 8759
251 869888 3967
252 873855 5249
253 879104 4936
254 884040 8588
255 892628 4801
256 897429 3924
257 901353 525
258 901878 4690
259 906568 4398
260 910966 3818
261 914784 5829
262 920613 7221
263 927834 6473
264 934307 2577
265 936884 3364
266 940248 971
267 941219 22915
268 964134 18585
269 982719 2587
270 985306 8481
271 993787 1650
272 995437 2398
273 997835 7140
274 1004975 3343
275 1008318 11018
276 1019336 2879
277 1022215 3515
278 1025730 3226
279 1028956 4840
280 1033796 7269
281 1041065 6907
282 1047972 6196
283 1054168 1078
284 1055246 2789
285 1058035 3450
286 1061485 1050
287 1062535 2441
288 1064976 1557
289 1066533 6348
290 1072881 13629
291 1086510 2101
292 1088611 12957
293 1101568 6474
294 1108042 2882
295 1110924 5036
296 1115960 1967
297 1117927 9049
298 1126976 6568
299 1133544 2484
300 1136028 6450
301 1142478 787
302 1143265 1101
303 1144366 2944
304 1147310 4416
305 1151726 9684
306 1161410 2196
307 1163606 3171
308 1166777 2106
309 1168883 2287
310 1171170 27048
311 1198218 1900
312 1200118 1780
313 1201898 5380
314 1207278 5470
315 1212748 2507
316 1215255 3418
317 1218673 4782
318 1223455 3733
319 1227188 3386
320 1230574 15494
321 1246068 4150
322 1250218 3603
323 1253821 10163
324 1263984 1688
325 1265672 1509
326 1267181 5874
327 1273055 10966
328 1284021 5260
329 1289281 3862
330 1293143 2205
331 1295348 1316
332 1296664 674
333 1297338 1540
334 1298878 4659
335 1303537 2745
336 1306282 1961
337 1308243 8801
338 1317044 6281
339 1323325 5201
340 1328526 1982
341 1330508 6484
342 1336992 2978
343 1339970 2948
344 1342918 7520
345 1350438 1706
346 1352144 2126
347 1354270 2601
348 1356871 1708
349 1358579 1610
350 1360189 10927
351 1371116 7624
352 1378740 3390
353 1382130 3047
354 1385177 1909
355 1387086 5584
356 1392670 8195
357 1400865 3217
358 1404082 587
359 1404669 3666
360 1408335 5133
361 1413468 6919
362 1420387 931
363 1421318 2373
364 1423691 4378
365 1428069 3562
366 1431631 2915
367 1434546 5636
368 1440182 5098
369 1445280 7364
370 1452644 1134
371 1453778 3949
372 1457727 1357
373 1459084 7357
374 1466441 3303
375 1469744 4392
376 1474136 4886
377 1479022 2355
378 1481377 6089
379 1487466 2289
380 1489755 1718
381 1491473 15322
382 1506795 9307
383 1516102 5403
384 1521505 1381
385 1522886 5706
386 1528592 1403
387 1529995 6574
388 1536569 4643
389 1541212 4619
390 1545831 9778
391 1555609 1741
392 1557350 3487
393 1560837 15716
394 1576553 9607
395 1586160 3919
396 1590079 7906
397 1597985 13789
398 1611774 3807
399 1615581 14101
400 1629682 5409
401 1635091 2140
402 1637231 1002
403 1638233 5439
404 1643672 1971
405 1645643 1501
406 1647144 1856
407 1649000 1170
408 1650170 1177
409 1651347 6958
410 1658305 3756
411 1662061 1022
412 1663083 2472
413 1665555 2231
414 1667786 3222
415 1671008 2587
416 1673595 30042
417 1703637 1096
418 1704733 1746
419 1706479 5109
420 1711588 1250
421 1712838 1650
422 1714488 1731
423 1716219 2410
424 1718629 1678
425 1720307 1582
426 1721889 2639
427 1724528 3222
428 1727750 4664
429 1732414 1784
430 1734198 955
431 1735153 1494
432 1736647 2054
433 1738701 1528
434 1740229 1800
435 1742029 1288
436 1743317 1907
437 1745224 1623
438 1746847 860
439 1747707 2718
440 1750425 1875
441 1752300 6155
442 1758455 2729
443 1761184 1404
444 1762588 1206
445 1763794 2688
446 1766482 1457
447 1767939 2317
448 1770256 1468
449 1771724 1340
450 1773064 2192
451 1775256 1521
452 1776777 1716
453 1778493 5220
454 1783713 2588
455 1786301 5610
456 1791911 1676
457 1793587 1298
458 1794885 2971
459 1797856 1603
460 1799459 2791
461 1802250 1295
462 1803545 862
463 1804407 1609
464 1806016 3997
465 1810013 3238
466 1813251 2987
467 1816238 3359
468 1819597 2714
469 1822311 1409
470 1823720 1372
471 1825092 886
472 1825978 2167
473 1828145 1629
474 1829774 1092
475 1830866 3326
476 1834192 3203
477 1837395 3780
478 1841175 1756
479 1842931 4874
480 1847805 3866
482 1851671 1787
483 1853458 971
484 1854429 1272
485 1855701 987
486 1856688 1164
487 1857852 5088
488 1862940 2283
489 1865223 1857
490 1867080 1131
491 1868211 1294
492 1869505 1240
493 1870745 4185
494 1874930 1508
495 1876438 2691
496 1879129 2143
497 1881272 1101
498 1882373 1836
499 1884209 5001
500 1889210 2340
501 1891550 1594
502 1893144 3082
503 1896226 1183
504 1897409 588
505 1897997 1574
506 1899571 1645
507 1901216 1571
508 1902787 8825
509 1911612 7788
510 1919400 4440
511 1923840 2931
512 1926771 614
513 1927385 7696
514 1935081 4054
515 1939135 12561
516 1951696 4935
517 1956631 2534
518 1959165 3910
520 1963075 6320
521 1969395 2631
522 1972026 310
523 1972336 2360
524 1974696 3867
525 1978563 2829
526 1981392 13572
527 1994964 7943
528 2002907 1920
529 2004827 2791
530 2007618 1942
531 2009560 1860
532 2011420 3482
533 2014902 2227
534 2017129 3069
535 2020198 2002
536 2022200 1840
537 2024040 2202
538 2026242 2948
539 2029190 2868
540 2032058 1941
545 2033999 2615
546 2036614 3332
547 2039946 2179
548 2042125 1922
549 2044047 1785
550 2045832 2097
551 2047929 4513
552 2052442 3909
553 2056351 3811
554 2060162 3018
555 2063180 2463
556 2065643 2578
557 2068221 2343
558 2070564 2384
560 2072948 325
561 2073273 5876
564 2079149 9965
565 2089114 2819
566 2091933 971
567 2092904 4435
568 2097339 7183
569 2104522 310
570 2104832 3210
571 2108042 2683
572 2110725 2390
573 2113115 2609
574 2115724 3580
575 2119304 4365
576 2123669 2622
577 2126291 5003
578 2131294 2761
579 2134055 8239
580 2142294 2764
581 2145058 6299
582 2151357 2458
583 2153815 1231
584 2155046 17852
585 2172898 9885
586 2182783 2972
587 2185755 3255
588 2189010 5899
589 2194909 3494
590 2198403 1953
591 2200356 3091
592 2203447 4506
593 2207953 4387
594 2212340 3731
595 2216071 3003
596 2219074 24587
597 2243661 11344
598 2255005 16336
599 2271341 30739
600 2302080 3797
601 2305877 6360
602 2312237 3588
603 2315825 6865
604 2322690 10187
605 2332877 2183
606 2335060 3680
607 2338740 2341
608 2341081 3713
609 2344794 2952
610 2347746 3779
611 2351525 1627
612 2353152 10144
613 2363296 2149
614 2365445 4992
615 2370437 2425
616 2372862 1519
617 2374381 7963
618 2382344 6800
619 2389144 4458
620 2393602 9623
621 2403225 6418
622 2409643 5743
623 2415386 2883
624 2418269 5688
625 2423957 10456
626 2434413 4321
627 2438734 6171
628 2444905 4645
629 2449550 2282
630 2451832 3437
631 2455269 8912
632 2464181 1813
633 2465994 5748
634 2471742 4055
635 2475797 4060
636 2479857 2618
637 2482475 374
638 2482849 1863
639 2484712 7410
640 2492122 4456
641 2496578 2436
642 2499014 1750
643 2500764 3094
644 2503858 3533
645 2507391 2799
646 2510190 5246
647 2515436 1183
648 2516619 1169
649 2517788 3121
650 2520909 7628
651 2528537 7661
652 2536198 1196
653 2537394 6043
654 2543437 1699
655 2545136 2336
656 2547472 4845
657 2552317 1730
658 2554047 3364
659 2557411 1934
660 2559345 1178
661 2560523 2648
662 2563171 677
663 2563848 2807
664 2566655 5217
666 2571872 1663
667 2573535 2841
668 2576376 4169
669 2580545 1258
670 2581803 1118
671 2582921 1625
672 2584546 1189
673 2585735 1669
674 2587404 831
675 2588235 872
676 2589107 3834
677 2592941 837
678 2593778 3121
679 2596899 7852
680 2604751 2554
681 2607305 1513
682 2608818 3168
683 2611986 1165
684 2613151 2706
685 2615857 2358
686 2618215 1353
687 2619568 1036
688 2620604 3679
689 2624283 3079
690 2627362 1471
691 2628833 8360
692 2637193 1470
693 2638663 2063
694 2640726 963
695 2641689 1673
696 2643362 1632
697 2644994 921
698 2645915 2434
699 2648349 9653
700 2658002 3966
701 2661968 6713
702 2668681 8219
703 2676900 3715
704 2680615 5020
705 2685635 3500
706 2689135 1888
707 2691023 991
708 2692014 1410
709 2693424 1169
710 2694593 2098
711 2696691 1298
712 2697989 1737
713 2699726 1807
714 2701533 2181
715 2703714 1803
716 2705517 7666
717 2713183 18354
718 2731537 3878
719 2735415 4410
720 2739825 3345
721 2743170 3548
722 2746718 10512
723 2757230 4064
724 2761294 1218
725 2762512 893
726 2763405 1505
727 2764910 966
728 2765876 1974
729 2767850 4463
730 2772313 1631
731 2773944 6243
732 2780187 7699
733 2787886 1994
734 2789880 4004
735 2793884 2674
736 2796558 4772
737 2801330 8849
738 2810179 4978
739 2815157 7976
740 2823133 4786
741 2827919 10040
742 2837959 2213
743 2840172 1618
744 2841790 2102
745 2843892 1877
746 2845769 2438
747 2848207 2896
748 2851103 2584
749 2853687 13303
750 2866990 2491
751 2869481 2262
752 2871743 2516
753 2874259 3088
755 2877347 10162
757 2887509 4722
758 2892231 7002
759 2899233 3662
760 2902895 3429
761 2906324 2849
762 2909173 5880
763 2915053 3086
764 2918139 5861
765 2924000 4775
766 2928775 13737
767 2942512 3833
768 2946345 2972
769 2949317 1626
770 2950943 8111
771 2959054 5694
772 2964748 12505
773 2977253 3818
774 2981071 2207
775 2983278 5470
776 2988748 5852
777 2994600 7930
778 3002530 10145
779 3012675 3605
780 3016280 3391
781 3019671 2187
783 3021858 3786
784 3025644 2033
785 3027677 1486
786 3029163 7381
787 3036544 1023
788 3037567 947
789 3038514 1680
790 3040194 3281
791 3043475 1828
792 3045303 4064
793 3049367 2173
794 3051540 4030
795 3055570 1400
796 3056970 4923
797 3061893 2605
798 3064498 1756
799 3066254 1979
800 3068233 1488
801 3069721 1301
802 3071022 5523
803 3076545 1246
804 3077791 1962
805 3079753 2670
806 3082423 2426
807 3084849 1222
808 3086071 1145
809 3087216 6826
810 3094042 3175
811 3097217 2602
812 3099819 5250
813 3105069 1923
814 3106992 2578
815 3109570 4783
816 3114353 4736
817 3119089 4495
818 3123584 3096
819 3126680 7703
820 3134383 5821
821 3140204 3537
822 3143741 3352
823 3147093 2374
824 3149467 3503
825 3152970 2183
826 3155153 2048
827 3157201 9197
828 3166398 5418
829 3171816 7534
830 3179350 5450
831 3184800 4868
832 3189668 8276
833 3197944 11961
834 3209905 6341
835 3216246 1442
836 3217688 1867
837 3219555 985
838 3220540 5309
839 3225849 2962
840 3228811 680
841 3229491 4200
842 3233691 825
843 3234516 3158
844 3237674 743
845 3238417 930
846 3239347 4238
847 3243585 3680
848 3247265 1285
849 3248550 1817
850 3250367 1158
851 3251525 1646
852 3253171 888
853 3254059 2508
854 3256567 4394
855 3260961 4692
856 3265653 1120
857 3266773 2252
858 3269025 966
859 3269991 1982
860 3271973 903
861 3272876 1203
862 3274079 1493
863 3275572 564
864 3276136 3975
865 3280111 1458
866 3281569 4821
867 3286390 2492
868 3288882 2076
869 3290958 2498
870 3293456 2249
871 3295705 3494
872 3299199 1682
873 3300881 1132
874 3302013 2616
875 3304629 2035
876 3306664 1905
877 3308569 4300
878 3312869 14606
879 3327475 2132
880 3329607 6595
881 3336202 13738
882 3349940 9069
883 3359009 3713
884 3362722 4614
885 3367336 3647
886 3370983 5679
887 3376662 1698
889 3378360 3994
890 3382354 1899
891 3384253 9771
892 3394024 6494
893 3400518 2460
894 3402978 4536
895 3407514 7558
896 3415072 2093
897 3417165 3712
898 3420877 4320
899 3425197 1093
900 3426290 2221
901 3428511 3686
902 3432197 2005
903 3434202 3221
904 3437423 2866
905 3440289 7582
906 3447871 415
907 3448286 517
908 3448803 11265
909 3460068 4496
910 3464564 3681
911 3468245 9031
912 3477276 3412
913 3480688 2056
914 3482744 2006
915 3484750 7136
916 3491886 6469
917 3498355 3695
918 3502050 2251
919 3504301 14974
920 3519275 6419
921 3525694 1333
922 3527027 1980
923 3529007 2942
924 3531949 2589
925 3534538 2141
926 3536679 1593
927 3538272 745
928 3539017 1395
929 3540412 739
930 3541151 391
931 3541542 3992
933 3545534 3067
934 3548601 4169
935 3552770 7612
936 3560382 5442
937 3565824 1360
939 3567184 1177
940 3568361 933
941 3569294 1863
942 3571157 2424
943 3573581 5501
945 3579082 8105
946 3587187 2475
947 3589662 920
948 3590582 851
949 3591433 1647
950 3593080 2243
951 3595323 7291
952 3602614 1645
953 3604259 4773
954 3609032 2461
955 3611493 3642
956 3615135 2697
957 3617832 6973
958 3624805 2308
959 3627113 3027
960 3630140 4609
961 3634749 2527
962 3637276 2889
963 3640165 1910
964 3642075 1279
965 3643354 4742
966 3648096 1639
967 3649735 1008
968 3650743 1607
969 3652350 1805
970 3654155 4614
971 3658769 1678
972 3660447 2690
973 3663137 9354
974 3672491 1882
975 3674373 2639
976 3677012 9095
977 3686107 3556
978 3689663 6163
979 3695826 3374
980 3699200 2961
981 3702161 7887
982 3710048 1739
983 3711787 2206
984 3713993 1652
985 3715645 968
986 3716613 2393
987 3719006 1684
988 3720690 1786
990 3722476 7392
991 3729868 3148
992 3733016 1680
993 3734696 1416
994 3736112 7693
995 3743805 1997
996 3745802 2119
997 3747921 1789
998 3749710 1691
999 3751401 2082
1000 3753483 1163
1001 3754646 3761
1002 3758407 2429
1003 3760836 2054
1004 3762890 2524
1005 3765414 3450
1006 3768864 2476
1007 3771340 2531
1008 3773871 20280
1009 3794151 8411
1010 3802562 4384
1011 3806946 4488
1012 3811434 4157
1013 3815591 1547
1014 3817138 4499
1015 3821637 1377
1016 3823014 1195
1017 3824209 1493
1018 3825702 7441
1019 3833143 2193
1020 3835336 18040
1021 3853376 8893
1022 3862269 5690
1023 3867959 4038
1024 3871997 3575
1025 3875572 2067
1026 3877639 16387
1027 3894026 4474
1028 3898500 1167
1029 3899667 1941
1030 3901608 1367
1031 3902975 8190
1032 3911165 5186
1033 3916351 6858
1034 3923209 1943
1035 3925152 8219
1036 3933371 7576
1037 3940947 8520
1038 3949467 4992
1039 3954459 6759
1040 3961218 15106
1041 3976324 7556
1042 3983880 5096
1043 3988976 1384
1044 3990360 1585
1045 3991945 2167
1046 3994112 1361
1047 3995473 832
1048 3996305 6386
1049 4002691 2147
1050 4004838 8312
1051 4013150 4238
1052 4017388 1891
1053 4019279 5252
1054 4024531 5484
1055 4030015 9131
1056 4039146 4707
1057 4043853 9540
1058 4053393 3787
1059 4057180 1088
1060 4058268 1440
1061 4059708 1373
1062 4061081 9094
1063 4070175 311
1064 4070486 1743
1065 4072229 783
1066 4073012 1470
1067 4074482 12568
1068 4087050 8048
1069 4095098 4093
1070 4099191 5015
1071 4104206 4478
1072 4108684 8955
1073 4117639 2232
1074 4119871 5379
1075 4125250 2940
1076 4128190 3125
1077 4131315 1696
1078 4133011 8106
1079 4141117 3704
1080 4144821 14186
1081 4159007 3297
1082 4162304 3891
1083 4166195 4327
1084 4170522 11607
1085 4182129 944
1086 4183073 8018
1087 4191091 6280
1088 4197371 796
1089 4198167 5696
1090 4203863 15714
1091 4219577 930
1092 4220507 6079
1093 4226586 691
1094 4227277 5275
1095 4232552 8076
1096 4240628 1455
1097 4242083 4377
1098 4246460 715
1099 4247175 8927
1100 4256102 1374
1101 4257476 5317
1102 4262793 1311
1103 4264104 14603
1104 4278707 1103
1105 4279810 1324
1109 4281134 6881
1110 4288015 6213
1111 4294228 9211
1112 4303439 11704
1113 4315143 2080
1114 4317223 6509
1115 4323732 5824
1116 4329556 10037
1117 4339593 7715
1125 4347308 5985
1126 4353293 1230
1127 4354523 4942
1128 4359465 9989
1129 4369454 5511
1130 4374965 3044
1131 4378009 1997
1132 4380006 1961
1133 4381967 2324
1134 4384291 1827
1135 4386118 1421
1136 4387539 1501
1137 4389040 1566
1138 4390606 1640
1139 4392246 3462
1140 4395708 2552
1141 4398260 15280
1142 4413540 3308
1143 4416848 7975
1144 4424823 3681
1145 4428504 3431
1146 4431935 6157
1147 4438092 2557
1148 4440649 3691
1149 4444340 2762
1150 4447102 9368
1151 4456470 1385
1153 4457855 1933
1154 4459788 4978
1155 4464766 1403
1156 4466169 1699
1157 4467868 1837
1158 4469705 2877
1159 4472582 8170
1160 4480752 7521
1161 4488273 3492
1162 4491765 9752
1163 4501517 1646
1164 4503163 953
1165 4504116 1656
1166 4505772 4134
1167 4509906 3763
1168 4513669 1026
1169 4514695 15094
1171 4529789 6511
1172 4536300 3488
1173 4539788 3499
1174 4543287 1217
1175 4544504 4794
1176 4549298 763
1177 4550061 500
1178 4550561 7792
1179 4558353 2860
1180 4561213 3630
1181 4564843 2736
1182 4567579 1214
1183 4568793 994
1184 4569787 2146
1188 4571933 11864
1189 4583797 5358
1190 4589155 5901
1191 4595056 1767
1193 4596823 22672
1194 4619495 1508
1195 4621003 6622
1196 4627625 6415
1197 4634040 9579
1198 4643619 1631
1199 4645250 3777
1200 4649027 2101
1201 4651128 1480
1202 4652608 3265
1203 4655873 1204
1204 4657077 1780
1205 4658857 4557
1206 4663414 1083
1207 4664497 4224
1208 4668721 1827
1209 4670548 2149
1211 4672697 4959
1212 4677656 2633
1213 4680289 2603
1214 4682892 363
1215 4683255 1529
1216 4684784 1502
1217 4686286 2191
1218 4688477 1495
1219 4689972 1083
1220 4691055 2669
1221 4693724 1017
1222 4694741 331
1223 4695072 4579
1224 4699651 1286
1225 4700937 895
1226 4701832 3920
1227 4705752 1342
1228 4707094 3130
1229 4710224 2625
1230 4712849 538
1231 4713387 1291
1232 4714678 1240
1233 4715918 2500
1234 4718418 1199
1236 4719617 592
1237 4720209 1337
1238 4721546 7417
1239 4728963 3870
1242 4732833 7011
1244 4739844 1662
1245 4741506 1596
1246 4743102 2039
1247 4745141 1344
1248 4746485 508
1249 4746993 1357
1250 4748350 2299
1251 4750649 4494
1252 4755143 1540
1253 4756683 11560
1254 4768243 2055
1255 4770298 818
1256 4771116 920
1257 4772036 1061
1258 4773097 1826
1259 4774923 717
1260 4775640 11573
1261 4787213 1784
1262 4788997 2966
1263 4791963 3747
1264 4795710 951
1265 4796661 2211
1266 4798872 1230
1267 4800102 4764
1268 4804866 312
1269 4805178 7057
1270 4812235 1044
1271 4813279 1783
1272 4815062 2568
1273 4817630 1486
1274 4819116 1247
1279 4820363 1654
1280 4822017 2997
1281 4825014 1321
1286 4826335 6448
1287 4832783 2693
1288 4835476 445
1289 4835921 4244
1290 4840165 522
1291 4840687 1488
1292 4842175 2127
1293 4844302 2797
1294 4847099 3177
1295 4850276 1377
1296 4851653 1535
1297 4853188 1137
1298 4854325 1452
1299 4855777 2351
1300 4858128 592
1301 4858720 9659
1302 4868379 2026
1303 4870405 1860
1304 4872265 2652
1305 4874917 3194
1306 4878111 9545
1307 4887656 3469
1308 4891125 8385
1309 4899510 2144
1310 4901654 1733
1311 4903387 1072
1312 4904459 1485
1313 4905944 1062
1314 4907006 1375
1315 4908381 5367
1316 4913748 4999
1317 4918747 2158
1318 4920905 1745
1319 4922650 4023
1320 4926673 2326
1321 4928999 2263
1324 4931262 1481
1325 4932743 4286
1326 4937029 1270
1327 4938299 1238
1328 4939537 1415
1329 4940952 1692
1330 4942644 5190
1331 4947834 2529
1333 4950363 3188
1334 4953551 10937
1337 4964488 3791
1338 4968279 1572
1339 4969851 2119
1340 4971970 7038
1341 4979008 1870
1342 4980878 7368
1343 4988246 3392
1344 4991638 1925
1345 4993563 12893
1346 5006456 5257
1347 5011713 4682
1348 5016395 1381
1349 5017776 2479
1350 5020255 2326
1351 5022581 2158
1352 5024739 3611
1353 5028350 1385
1354 5029735 11050
1355 5040785 1174
1356 5041959 676
1357 5042635 4764
1359 5047399 1299
1360 5048698 906
1361 5049604 7417
1362 5057021 3120
1363 5060141 1899
1364 5062040 2882
1365 5064922 975
1366 5065897 1325
1367 5067222 1360
1368 5068582 532
1369 5069114 3976
1370 5073090 4625
1371 5077715 4962
1372 5082677 3249
1373 5085926 2215
1374 5088141 864
1375 5089005 790
1376 5089795 1249
1378 5091044 1595
1379 5092639 772
1380 5093411 1689
1381 5095100 12983
1382 5108083 558
1383 5108641 1846
1384 5110487 2476
1385 5112963 2327
1386 5115290 2692
1387 5117982 1654
1388 5119636 626
1389 5120262 2165
1390 5122427 2201
1391 5124628 2205
1392 5126833 2328
1393 5129161 2140
1394 5131301 486
1395 5131787 2433
1396 5134220 1238
1397 5135458 3106
1398 5138564 1564
1399 5140128 711
1400 5140839 1049
1401 5141888 4998
1402 5146886 6543
1403 5153429 4720
1404 5158149 4238
1405 5162387 3606
1406 5165993 3053
1407 5169046 4104
1408 5173150 8648
1409 5181798 4039
1410 5185837 7535
1411 5193372 38571
1413 5231943 17875
1414 5249818 5294
1415 5255112 2772
1416 5257884 10544
1417 5268428 3786
1418 5272214 4731
1419 5276945 5411
1420 5282356 4829
1421 5287185 5249
1422 5292434 6729
1423 5299163 6488
1424 5305651 4682
1425 5310333 4153
1426 5314486 8956
1427 5323442 8408
1428 5331850 5486
1429 5337336 4275
1430 5341611 7447
1431 5349058 7908
1432 5356966 5651
1434 5362617 4468
1435 5367085 4963
1436 5372048 4321
1437 5376369 4373
1438 5380742 5349
1439 5386091 1260
1440 5387351 4012
1441 5391363 19875
1442 5411238 3712
1443 5414950 6336
1444 5421286 4681
1445 5425967 2817
1446 5428784 3484
1447 5432268 3917
1448 5436185 3471
1449 5439656 4280
1450 5443936 11919
1451 5455855 4247
1452 5460102 8222
1453 5468324 7866
1454 5476190 8006
1455 5484196 7313
1456 5491509 1632
1457 5493141 5255
1458 5498396 16452
1459 5514848 4611
1460 5519459 9452
1461 5528911 5312
1462 5534223 4200
1463 5538423 4789
1464 5543212 4034
1465 5547246 10512
1466 5557758 5558
1467 5563316 4116
1468 5567432 3166
1469 5570598 3749
1471 5574347 3316
1472 5577663 3421
1473 5581084 18434
1474 5599518 4811
1475 5604329 5367
1476 5609696 3402
1477 5613098 11478
1478 5624576 7880
1479 5632456 19542
1480 5651998 5458
1481 5657456 1233
1482 5658689 2130
1483 5660819 2874
1484 5663693 3669
1485 5667362 19357
1486 5686719 19780
1487 5706499 4355
1488 5710854 4301
1489 5715155 3525
1490 5718680 12568
1491 5731248 6788
1492 5738036 25790
1493 5763826 11231
1494 5775057 7098
1495 5782155 1554
1496 5783709 5951
1497 5789660 6355
1498 5796015 23594
1499 5819609 1570
1500 5821179 2813
1501 5823992 3995
1502 5827987 3997
1503 5831984 4222
1504 5836206 16823
1505 5853029 2025
1506 5855054 12327
1507 5867381 14342
1508 5881723 8869
1509 5890592 8076
1510 5898668 4807
1511 5903475 11424
1512 5914899 3404
1513 5918303 5003
1514 5923306 4583
1515 5927889 4187
1516 5932076 5559
1517 5937635 3450
1518 5941085 4293
1519 5945378 4075
1520 5949453 6568
1521 5956021 3804
1522 5959825 5530
1523 5965355 3423
1524 5968778 4503
1525 5973281 24366
1526 5997647 2033
1527 5999680 4968
1528 6004648 4950
1529 6009598 5053
1530 6014651 4190
1531 6018841 3987
1532 6022828 3345
1533 6026173 23996
1536 6050169 5350
1537 6055519 15734
1538 6071253 10358
1539 6081611 1876
1540 6083487 5108
1541 6088595 5651
1542 6094246 3257
1543 6097503 6457
1544 6103960 7346
1545 6111306 5313
1546 6116619 6604
1547 6123223 3931
1548 6127154 6330
1549 6133484 5021
1550 6138505 6902
1551 6145407 4232
1552 6149639 8219
1553 6157858 5036
1554 6162894 4539
1555 6167433 34051
1556 6201484 1958
1557 6203442 4436
1558 6207878 5776
1559 6213654 4164
1560 6217818 2265
1561 6220083 21473
1562 6241556 5180
1563 6246736 4798
1564 6251534 4380
1565 6255914 2205
1566 6258119 4532
1567 6262651 4297
1568 6266948 5642
1569 6272590 4335
1570 6276925 22547
1571 6299472 4708
1572 6304180 3922
1573 6308102 5093
1574 6313195 2140
1575 6315335 4583
1576 6319918 5417
1577 6325335 5546
1578 6330881 3135
1579 6334016 5166
1580 6339182 5602
1581 6344784 6212
1582 6350996 3474
1583 6354470 5245
1584 6359715 4746
1585 6364461 4825
1586 6369286 3787
1587 6373073 6849
1588 6379922 4833
1589 6384755 4471
1590 6389226 2295
1591 6391521 25039
1592 6416560 4778
1593 6421338 5083
1594 6426421 9496
1595 6435917 10301
1596 6446218 4181
1597 6450399 4332
1598 6454731 3927
1599 6458658 5930
1600 6464588 24234
1602 6488822 5153
1603 6493975 5166
1604 6499141 5468
1605 6504609 3985
1606 6508594 3309
1607 6511903 3872
1608 6515775 4619
1609 6520394 4898
1610 6525292 19093
1611 6544385 2336
1612 6546721 4717
1613 6551438 8028
1614 6559466 7915
1616 6567381 5068
1617 6572449 7574
1618 6580023 5100
1619 6585123 5882
1620 6591005 6221
1621 6597226 3871
1622 6601097 7688
1623 6608785 4739
1624 6613524 4491
1625 6618015 3623
1626 6621638 7430
1627 6629068 5071
1628 6634139 5079
1629 6639218 23896
1630 6663114 2314
1631 6665428 3821
1632 6669249 6748
1633 6675997 4749
1634 6680746 4972
1635 6685718 3496
1636 6689214 15592
1637 6704806 4806
1638 6709612 4029
1639 6713641 4096
1641 6717737 4603
1642 6722340 9068
1643 6731408 4148
1644 6735556 4538
1645 6740094 4595
1646 6744689 3020
1647 6747709 9019
1648 6756728 8259
1649 6764987 2369
1650 6767356 3777
1651 6771133 5225
1652 6776358 5199
1653 6781557 4901
1654 6786458 19073
1655 6805531 4771
1656 6810302 6402
1657 6816704 2724
1658 6819428 3428
1659 6822856 5204
1660 6828060 2803
1661 6830863 11013
1662 6841876 4474
1663 6846350 5713
1664 6852063 4318
1665 6856381 3297
1666 6859678 6032
1667 6865710 4814
1668 6870524 4312
1669 6874836 3940
1670 6878776 5465
1671 6884241 4743
1672 6888984 5732
1673 6894716 22474
1675 6917190 4494
1676 6921684 4385
1677 6926069 5273
1678 6931342 2582
1679 6933924 4375
1680 6938299 3720
1681 6942019 4350
1682 6946369 6252
1683 6952621 27014
1685 6979635 5345
1688 6984980 5168
1689 6990148 16052
1690 7006200 2173
1691 7008373 2538
1692 7010911 4106
1693 7015017 3188
1694 7018205 4197
1695 7022402 3620
1696 7026022 10988
1697 7037010 10435
1698 7047445 5477
1699 7052922 13144
1700 7066066 4803
1701 7070869 5748
1702 7076617 7626
1703 7084243 7849
1704 7092092 5379
1705 7097471 7496
1706 7104967 4509
1707 7109476 3538
1708 7113014 4468
1709 7117482 6725
1710 7124207 4961
1711 7129168 32159
1712 7161327 2266
1713 7163593 13208
1714 7176801 11106
1715 7187907 7212
1716 7195119 3635
1717 7198754 12618
1718 7211372 4459
1719 7215831 2953
1720 7218784 8500
1721 7227284 2722
1722 7230006 3298
1723 7233304 2293
1724 7235597 4457
1725 7240054 16515
1727 7256569 4310
1728 7260879 7325
1729 7268204 4370
1730 7272574 1983
1731 7274557 5656
1732 7280213 21927
1733 7302140 2332
1734 7304472 1957
1735 7306429 2474
1736 7308903 2843
1737 7311746 18701
1738 7330447 4329
1739 7334776 6589
1740 7341365 9949
1741 7351314 4692
1742 7356006 4512
1743 7360518 3858
1744 7364376 1955
1745 7366331 6813
1746 7373144 2765
1747 7375909 5093
1748 7381002 3346
1749 7384348 7247
1750 7391595 3651
1751 7395246 4926
1752 7400172 7086
1753 7407258 4676
1754 7411934 5747
1755 7417681 4424
1757 7422105 22684
1758 7444789 4672
1759 7449461 3847
1760 7453308 13554
1761 7466862 2099
1762 7468961 2094
1763 7471055 2189
1764 7473244 3027
1765 7476271 1753
1766 7478024 19695
1767 7497719 4523
1768 7502242 3834
1769 7506076 4785
1770 7510861 2718
1771 7513579 2519
1772 7516098 2285
1773 7518383 2992
1774 7521375 2420
1775 7523795 3015
1776 7526810 23017
1777 7549827 4546
1778 7554373 7364
1779 7561737 2290
1780 7564027 4111
1781 7568138 2021
1782 7570159 2068
1783 7572227 3845
1784 7576072 6199
1785 7582271 5894
1786 7588165 4432
1787 7592597 4790
1788 7597387 5374
1789 7602761 3905
1790 7606666 4882
1791 7611548 4605
1792 7616153 24792
1794 7640945 4161
1795 7645106 4161
1796 7649267 4675
1797 7653942 2704
1799 7656646 2477
1800 7659123 2477
1801 7661600 2911
1802 7664511 16875
1803 7681386 4522
1804 7685908 4525
1805 7690433 2144
1806 7692577 8400
1807 7700977 2447
1808 7703424 2931
1809 7706355 2845
1810 7709200 2905
1811 7712105 20727
1812 7732832 5476
1813 7738308 4211
1814 7742519 10189
1815 7752708 10967
1816 7763675 2330
1817 7766005 4584
1818 7770589 2916
1819 7773505 5270
1820 7778775 4097
1821 7782872 6667
1822 7789539 6875
1823 7796414 3522
1824 7799936 4265
1825 7804201 3217
1826 7807418 4826
1827 7812244 2000
1828 7814244 5168
1829 7819412 24039
1830 7843451 2242
1831 7845693 4033
1832 7849726 4302
1834 7854028 2462
1835 7856490 15652
1837 7872142 3199
1838 7875341 4251
1839 7879592 2742
1840 7882334 2537
1841 7884871 21512
1842 7906383 4219
1843 7910602 16587
1844 7927189 4076
1846 7931265 4294
1847 7935559 17189
1848 7952748 4641
1849 7957389 2142
1850 7959531 13062
1851 7972593 9825
1852 7982418 5303
1853 7987721 5608
1854 7993329 3045
1855 7996374 4295
1856 8000669 9042
1857 8009711 5651
1858 8015362 5213
1859 8020575 7147
1860 8027722 6882
1861 8034604 6693
1862 8041297 5244
1863 8046541 29559
1864 8076100 3334
1865 8079434 3980
1866 8083414 5561
1867 8088975 2713
1868 8091688 7667
1869 8099355 1983
1870 8101338 2361
1871 8103699 3062
1872 8106761 4431
1873 8111192 3086
1874 8114278 2705
1875 8116983 3859
1876 8120842 2976
1877 8123818 21309
1878 8145127 5760
1879 8150887 7469
1880 8158356 4220
1881 8162576 4698
1882 8167274 1991
1883 8169265 6252
1884 8175517 2921
1885 8178438 2530
1886 8180968 2267
1887 8183235 3131
1888 8186366 13916
1889 8200282 4275
1890 8204557 4706
1891 8209263 1879
1892 8211142 4547
1893 8215689 5678
1894 8221367 2332
1895 8223699 2480
1896 8226179 4684
1897 8230863 3633
1898 8234496 9186
1899 8243682 7568
1900 8251250 4206
1901 8255456 5332
1902 8260788 3051
1903 8263839 16018
1904 8279857 5039
1905 8284896 6077
1906 8290973 4416
1907 8295389 2318
1908 8297707 2740
1909 8300447 2064
1910 8302511 2916
1911 8305427 2528
1912 8307955 13056
1913 8321011 4778
1914 8325789 4877
1915 8330666 7356
1916 8338022 2082
1917 8340104 6247
1918 8346351 12423
1919 8358774 5935
1920 8364709 5304
1922 8370013 7447
1923 8377460 2299
1925 8379759 2522
1926 8382281 2787
1927 8385068 17571
1928 8402639 4137
1929 8406776 5294
1930 8412070 2401
1931 8414471 2383
1932 8416854 6508
1933 8423362 7262
1934 8430624 4695
1935 8435319 3680
1936 8438999 1918
1937 8440917 4104
1938 8445021 4546
1939 8449567 2744
1941 8452311 5206
1942 8457517 2209
1943 8459726 22515
1945 8482241 4014
1946 8486255 3742
1947 8489997 4156
1948 8494153 2815
1949 8496968 2501
1950 8499469 17061
1951 8516530 5111
1952 8521641 3370
1953 8525011 2220
1954 8527231 1630
1955 8528861 2577
1956 8531438 3575
1957 8535013 14624
1958 8549637 3863
1959 8553500 12986
1960 8566486 4655
1961 8571141 3473
1962 8574614 2160
1963 8576774 5353
1964 8582127 1991
1965 8584118 2517
1967 8586635 14998
1968 8601633 3774
1969 8605407 4658
1970 8610065 3589
1971 8613654 2530
1972 8616184 2828
1973 8619012 4707
1974 8623719 8310
1975 8632029 6759
1976 8638788 9471
1977 8648259 3597
1978 8651856 3820
1979 8655676 3983
1980 8659659 2295
1981 8661954 7746
1982 8669700 21638
1983 8691338 9834
1984 8701172 7083
1985 8708255 5221
1986 8713476 5230
1987 8718706 6081
1988 8724787 5955
1989 8730742 6027
1990 8736769 3615
1991 8740384 4390
1992 8744774 4790
1993 8749564 4737
1994 8754301 5072
1995 8759373 4801
1996 8764174 2525
1997 8766699 2327
1998 8769026 4726
1999 8773752 21943
2000 8795695 1482
2051 8797177 3340
2052 8800517 3691
2053 8804208 6357
2054 8810565 1488
2055 8812053 2685
2056 8814738 2094
2057 8816832 3109
2058 8819941 1603
2059 8821544 8515
2060 8830059 3504
2061 8833563 3391
2062 8836954 1366
2063 8838320 7916
2064 8846236 8200
2065 8854436 8637
2066 8863073 5686
2068 8868759 7082
2069 8875841 5491
2070 8881332 1795
2071 8883127 6424
2072 8889551 9036
2073 8898587 3864
2074 8902451 4593
2075 8907044 2727
2076 8909771 2397
2077 8912168 3861
2078 8916029 4809
2079 8920838 4262
2080 8925100 3247
2081 8928347 7052
2082 8935399 8575
2083 8943974 8488
2084 8952462 2796
2085 8955258 645
2086 8955903 4189
2087 8960092 8135
2088 8968227 8336
2089 8976563 5407
2090 8981970 2412
2091 8984382 7597
2092 8991979 6641
2093 8998620 3461
2094 9002081 2898
2095 9004979 1058
2096 9006037 3052
2097 9009089 10599
2098 9019688 7562
2099 9027250 7615
2100 9034865 1039
2101 9035904 2967
2102 9038871 1792
2103 9040663 8026
2104 9048689 6940
2105 9055629 4060
2106 9059689 1030
2107 9060719 9578
2108 9070297 9629
2109 9079926 2704
2110 9082630 3792
2111 9086422 5689
2112 9092111 14781
2113 9106892 3043
2114 9109935 4454
2115 9114389 7890
2116 9122279 6497
2117 9128776 2505
2118 9131281 3864
2119 9135145 3799
2120 9138944 1857
2121 9140801 3384
2122 9144185 5076
2123 9149261 2238
2124 9151499 1104
2125 9152603 1361
2126 9153964 3993
2127 9157957 988
2128 9158945 3484
2129 9162429 3298
2130 9165727 3673
2131 9169400 3274
2132 9172674 2462
2133 9175136 984
2134 9176120 1259
2135 9177379 8064
2136 9185443 7010
2137 9192453 4481
2138 9196934 7295
2139 9204229 993
2140 9205222 3327
2141 9208549 9068
2142 9217617 2145
2143 9219762 6293
2144 9226055 6284
2145 9232339 1140
2146 9233479 828
2147 9234307 6798
2148 9241105 3579
2149 9244684 2678
2151 9247362 2815
2152 9250177 2704
2153 9252881 1248
2154 9254129 1104
2155 9255233 859
2156 9256092 979
2157 9257071 994
2158 9258065 2358
2159 9260423 1742
2160 9262165 1151
2161 9263316 901
2162 9264217 1132
2163 9265349 1356
2164 9266705 997
2165 9267702 1948
2166 9269650 2624
2167 9272274 1274
2168 9273548 2741
2169 9276289 2817
2170 9279106 2998
2171 9282104 1061
2172 9283165 3626
2173 9286791 2544
2174 9289335 4295
2175 9293630 3331
2176 9296961 5882
2177 9302843 3300
2178 9306143 921
2179 9307064 2328
2180 9309392 4628
2182 9314020 795
2183 9314815 5806
2184 9320621 1235
2185 9321856 6016
2186 9327872 875
2187 9328747 1619
2188 9330366 874
2189 9331240 3275
2190 9334515 6418
2191 9340933 827
2192 9341760 3421
2193 9345181 4038
2194 9349219 1248
2195 9350467 1082
2196 9351549 1803
2197 9353352 1536
2198 9354888 2498
2199 9357386 2497
2200 9359883 1749
2201 9361632 1380
2202 9363012 2911
2203 9365923 2438
2204 9368361 1569
2205 9369930 1862
2206 9371792 1082
2207 9372874 952
2208 9373826 3365
2209 9377191 1959
2210 9379150 1930
2211 9381080 2225
2212 9383305 1955
2213 9385260 3125
2214 9388385 1795
2215 9390180 3198
2216 9393378 3802
2217 9397180 518
2218 9397698 1106
2219 9398804 811
2220 9399615 2569
2221 9402184 1058
2222 9403242 2281
2223 9405523 1863
2224 9407386 1425
2225 9408811 725
2226 9409536 1678
2227 9411214 2539
2228 9413753 1567
2229 9415320 2287
2230 9417607 2390
2231 9419997 2250
2232 9422247 1068
2233 9423315 2521
2234 9425836 1427
2235 9427263 4187
2236 9431450 2110
2237 9433560 1791
2239 9435351 4214
2240 9439565 538
2241 9440103 831
2242 9440934 2565
2243 9443499 4240
2244 9447739 3559
2245 9451298 905
2247 9452203 3515
2248 9455718 1222
2249 9456940 2396
2250 9459336 2655
2251 9461991 8078
2252 9470069 11542
2253 9481611 2040
2254 9483651 3600
2255 9487251 5162
2256 9492413 5327
2257 9497740 5155
2258 9502895 6333
2259 9509228 1026
2260 9510254 7191
2261 9517445 2936
2262 9520381 9528
2263 9529909 4212
2264 9534121 6417
2265 9540538 2878
2266 9543416 1587
2267 9545003 2914
2268 9547917 3394
2269 9551311 1765
2270 9553076 5547
2271 9558623 9065
2273 9567688 2286
2274 9569974 8413
2275 9578387 6791
2276 9585178 6453
2277 9591631 3682
2278 9595313 3375
2279 9598688 2881
2280 9601569 3407
2281 9604976 463
2282 9605439 2161
2283 9607600 3919
2284 9611519 3608
2285 9615127 2903
2286 9618030 3572
2287 9621602 2689
2288 9624291 6554
2289 9630845 9415
2290 9640260 8432
2291 9648692 10519
2292 9659211 9686
2293 9668897 10268
2294 9679165 7950
2295 9687115 5466
2296 9692581 6236
2297 9698817 7485
2298 9706302 3543
2299 9709845 3982
2300 9713827 2363
2301 9716190 1550
2302 9717740 1655
2303 9719395 3144
2304 9722539 3506
2305 9726045 7592
2306 9733637 6334
2307 9739971 5929
2308 9745900 3565
2309 9749465 4586
2310 9754051 3476
2311 9757527 11596
2312 9769123 5144
2313 9774267 6633
2314 9780900 4798
2315 9785698 1063
2316 9786761 4159
2317 9790920 3650
2318 9794570 3435
2319 9798005 4304
2320 9802309 4897
2321 9807206 4550
2322 9811756 7978
2323 9819734 2238
2324 9821972 5530
2325 9827502 4370
2326 9831872 6524
2327 9838396 4782
2328 9843178 2160
2329 9845338 2136
2330 9847474 1486
2331 9848960 3306
2332 9852266 4588
2333 9856854 4127
2334 9860981 6228
2335 9867209 8570
2336 9875779 1846
2337 9877625 5773
2338 9883398 7267
2339 9890665 1278
2340 9891943 3413
2341 9895356 4100
2342 9899456 1619
2343 9901075 7287
2344 9908362 2747
2345 9911109 10132
2346 9921241 4285
2347 9925526 5797
2348 9931323 807
2349 9932130 3749
2350 9935879 1968
2351 9937847 1035
2352 9938882 1091
2353 9939973 6695
2354 9946668 2166
2355 9948834 1937
2357 9950771 6212
2358 9956983 3633
2359 9960616 636
2360 9961252 1842
2361 9963094 3086
2362 9966180 1263
2363 9967443 2306
2364 9969749 1118
2365 9970867 3485
2366 9974352 4117
2367 9978469 4333
2368 9982802 6293
2369 9989095 3760
2370 9992855 717
2371 9993572 4282
2372 9997854 4086
2373 10001940 542
2374 10002482 1004
2375 10003486 1589
2376 10005075 3660
2377 10008735 3594
2378 10012329 4809
2379 10017138 2703
2380 10019841 2084
2381 10021925 3136
2382 10025061 807
2383 10025868 7187
2384 10033055 952
2385 10034007 3153
2386 10037160 2390
2387 10039550 2679
2388 10042229 3411
2389 10045640 2555
2390 10048195 4076
2391 10052271 2047
2392 10054318 1867
2393 10056185 4441
2394 10060626 1428
2395 10062054 4430
2396 10066484 3887
2397 10070371 5686
2398 10076057 6670
2399 10082727 4536
2401 10087263 1275
2402 10088538 2854
2403 10091392 6449
2404 10097841 2544
2405 10100385 3453
2406 10103838 2718
2407 10106556 2282
2408 10108838 10505
2409 10119343 769
2410 10120112 9121
2412 10129233 2210
2413 10131443 2526
2414 10133969 2396
2415 10136365 2375
2416 10138740 1352
2417 10140092 1141
2418 10141233 2951
2419 10144184 10177
2420 10154361 1282
2421 10155643 3974
2422 10159617 1130
2423 10160747 462
2424 10161209 10801
2425 10172010 1841
2426 10173851 3369
2427 10177220 3348
2428 10180568 3588
2429 10184156 9698
2430 10193854 2190
2431 10196044 1117
2432 10197161 786
2433 10197947 1060
2434 10199007 1838
2435 10200845 8527
2436 10209372 3461
2437 10212833 6351
2438 10219184 4820
2439 10224004 5616
2440 10229620 1712
2441 10231332 5366
2442 10236698 1697
2443 10238395 1716
2444 10240111 6808
2445 10246919 2790
2446 10249709 1502
2447 10251211 2072
2448 10253283 2586
2449 10255869 2583
2450 10258452 3786
2451 10262238 473
2452 10262711 3164
2453 10265875 2112
2454 10267987 10195
2455 10278182 1128
2456 10279310 1344
2457 10280654 5183
2459 10285837 6656
2460 10292493 7827
2461 10300320 1419
2462 10301739 1773
2463 10303512 2247
2464 10305759 3415
2465 10309174 1959
2466 10311133 2103
2467 10313236 6050
2468 10319286 2077
2469 10321363 1458
2470 10322821 1108
2471 10323929 3179
2472 10327108 6316
2473 10333424 1985
2474 10335409 2393
2475 10337802 2610
2476 10340412 2614
2477 10343026 3604
2478 10346630 1414
2479 10348044 8497
2480 10356541 3911
2482 10360452 10447
2484 10370899 7204
2486 10378103 3361
2487 10381464 6497
2488 10387961 4374
2489 10392335 4663
2490 10396998 2995
2491 10399993 1322
2492 10401315 3075
2493 10404390 1958
2494 10406348 1671
2495 10408019 1717
2496 10409736 3355
2497 10413091 2066
2498 10415157 2131
2499 10417288 985
2500 10418273 1895
2501 10420168 3959
2502 10424127 2200
2503 10426327 5400
2504 10431727 1746
2505 10433473 1898
2506 10435371 2546
2507 10437917 2196
2508 10440113 2381
2509 10442494 2188
2510 10444682 1795
2511 10446477 2385
2513 10448862 4956
2515 10453818 13677
2517 10467495 978
2518 10468473 14507
2519 10482980 1856
2520 10484836 1607
2521 10486443 1097
2522 10487540 1519
2523 10489059 1766
2524 10490825 6080
2525 10496905 2990
2526 10499895 3080
2527 10502975 2388
2528 10505363 1956
2529 10507319 2852
2530 10510171 5405
2531 10515576 15394
2532 10530970 7241
2533 10538211 3357
2534 10541568 3236
2535 10544804 2542
2536 10547346 2962
2537 10550308 1344
2538 10551652 2299
2539 10553951 5275
2540 10559226 1613
2541 10560839 1298
2543 10562137 1992
2544 10564129 2066
2545 10566195 2605
2547 10568800 1497
2548 10570297 1491
2549 10571788 1396
2550 10573184 2492
2551 10575676 762
2552 10576438 3230
2553 10579668 767
2555 10580435 6359
2556 10586794 5737
2557 10592531 10748
2562 10603279 4312
2563 10607591 6385
2564 10613976 3048
2565 10617024 6098
2566 10623122 6079
2567 10629201 1693
2568 10630894 6472
2569 10637366 3275
2570 10640641 6710
2571 10647351 9034
2572 10656385 1425
2573 10657810 2910
2574 10660720 1775
2575 10662495 3351
2576 10665846 6013
2577 10671859 6793
2578 10678652 6303
2579 10684955 6425
2580 10691380 9700
2581 10701080 9741
2582 10710821 1181
2583 10712002 714
2584 10712716 1147
2585 10713863 3797
2586 10717660 669
2587 10718329 5527
2588 10723856 1392
2589 10725248 2781
2590 10728029 2318
2591 10730347 5528
2592 10735875 12218
2593 10748093 2597
2594 10750690 26086
2595 10776776 3711
2596 10780487 4036
2597 10784523 12431
2598 10796954 4402
2599 10801356 3892
2600 10805248 14652
2601 10819900 12274
2602 10832174 3676
2603 10835850 1637
2604 10837487 9103
2605 10846590 1804
2606 10848394 713
2607 10849107 3232
2608 10852339 2857
2609 10855196 5820
2610 10861016 9619
2611 10870635 4044
2612 10874679 1135
2613 10875814 1786
2614 10877600 5501
2615 10883101 4598
2616 10887699 4544
2617 10892243 4395
2618 10896638 1859
2619 10898497 4371
2620 10902868 3676
2621 10906544 6165
2622 10912709 4192
2623 10916901 1106
2624 10918007 735
2625 10918742 8845
2626 10927587 3955
2627 10931542 7008
2628 10938550 1513
2629 10940063 2479
2630 10942542 1088
2631 10943630 1026
2632 10944656 1017
2633 10945673 5328
2634 10951001 11000
2635 10962001 748
2636 10962749 667
2637 10963416 4019
2638 10967435 10091
2639 10977526 1310
2640 10978836 3111
2641 10981947 853
2643 10982800 628
2644 10983428 989
2645 10984417 727
2646 10985144 1754
2647 10986898 12300
2648 10999198 4328
2649 11003526 11193
2650 11014719 3612
2651 11018331 2001
2652 11020332 3121
2653 11023453 6324
2654 11029777 988
2656 11030765 942
2657 11031707 1152
2658 11032859 793
2659 11033652 6317
2660 11039969 2849
2661 11042818 5083
2662 11047901 9074
2663 11056975 7359
2667 11064334 1514
2668 11065848 646
2669 11066494 3289
2671 11069783 2884
2672 11072667 2222
2673 11074889 5719
2674 11080608 1305
2675 11081913 4417
2676 11086330 697
2677 11087027 2558
2678 11089585 1543
2679 11091128 1140
2680 11092268 2522
2681 11094790 4366
2682 11099156 2931
2683 11102087 5436
2684 11107523 5870
2685 11113393 4469
2686 11117862 2766
2687 11120628 2072
2688 11122700 1074
2689 11123774 812
2690 11124586 2643
2691 11127229 5787
2693 11133016 1812
2694 11134828 1739
2696 11136567 1211
2697 11137778 2231
2698 11140009 2436
2699 11142445 1398
2700 11143843 587
2701 11144430 5008
2702 11149438 6126
2703 11155564 11628
2704 11167192 1222
2705 11168414 2347
2707 11170761 1269
2708 11172030 2187
2710 11174217 5191
2711 11179408 2445
2712 11181853 3027
2713 11184880 20084
2714 11204964 2853
2715 11207817 1617
2717 11209434 1768
2718 11211202 1465
2719 11212667 7355
2720 11220022 4607
2721 11224629 12595
2722 11237224 2417
2723 11239641 1827
2724 11241468 1450
2725 11242918 3113
2726 11246031 1383
2727 11247414 3885
2729 11251299 1135
2730 11252434 1341
2731 11253775 2390
2732 11256165 1964
2734 11258129 3470
2736 11261599 975
2737 11262574 7324
2738 11269898 5214
2739 11275112 6574
2740 11281686 4438
2741 11286124 3703
2742 11289827 2754
2743 11292581 30927
2744 11323508 3966
2745 11327474 5291
2746 11332765 2849
2747 11335614 1969
2748 11337583 4747
2749 11342330 1230
2750 11343560 2566
2751 11346126 7402
2752 11353528 1295
2753 11354823 1073
2754 11355896 9075
2755 11364971 11264
2756 11376235 9249
2757 11385484 16004
2758 11401488 8751
2759 11410239 8443
2760 11418682 7378
2761 11426060 11289
2762 11437349 19502
2763 11456851 13552
2764 11470403 5480
2765 11475883 488
2766 11476371 828
2767 11477199 3192
2768 11480391 7338
2769 11487729 535
2770 11488264 1533
2771 11489797 3455
2772 11493252 2099
2773 11495351 9165
2774 11504516 8019
2775 11512535 8562
2776 11521097 4687
2777 11525784 2685
2778 11528469 4079
2779 11532548 5076
2780 11537624 7148
2781 11544772 3403
2782 11548175 2830
2783 11551005 675
2784 11551680 1048
2785 11552728 1636
2786 11554364 6674
2787 11561038 1344
2788 11562382 11447
2789 11573829 6344
2790 11580173 4435
2791 11584608 25802
2792 11610410 3746
2793 11614156 5139
2794 11619295 8402
2795 11627697 9769
2796 11637466 4629
2797 11642095 6369
2798 11648464 9595
2799 11658059 12843
2800 11670902 4688
2801 11675590 10956
2802 11686546 6270
2803 11692816 5107
2804 11697923 1753
2805 11699676 3812
2806 11703488 4763
2807 11708251 3706
2808 11711957 10714
2809 11722671 9912
2810 11732583 6846
2811 11739429 6107
2812 11745536 6585
2813 11752121 5803
2814 11757924 4096
2815 11762020 3905
2816 11765925 3501
2817 11769426 3840
2818 11773266 3330
2819 11776596 12274
2820 11788870 12841
2821 11801711 4227
2822 11805938 2859
2823 11808797 5570
2824 11814367 15916
2825 11830283 4291
2826 11834574 715
2827 11835289 1200
2828 11836489 4408
2829 11840897 4382
2830 11845279 2087
2831 11847366 13036
2833 11860402 8832
2834 11869234 7745
2835 11876979 10696
2837 11887675 7003
2838 11894678 8946
2839 11903624 2340
2840 11905964 8162
2841 11914126 8294
2842 11922420 3895
2843 11926315 5755
2845 11932070 2545
2846 11934615 13742
2847 11948357 4685
2848 11953042 527
2849 11953569 1531
2850 11955100 3086
2851 11958186 1954
2852 11960140 1560
2853 11961700 2559
2854 11964259 2006
2855 11966265 3751
2856 11970016 941
2857 11970957 1206
2858 11972163 1925
2859 11974088 1437
2860 11975525 3810
2861 11979335 5717
2862 11985052 2239
2863 11987291 2901
2864 11990192 1503
2865 11991695 5749
2866 11997444 2657
2867 12000101 1286
2868 12001387 1264
2869 12002651 1333
2870 12003984 7954
2871 12011938 1711
2872 12013649 2829
2873 12016478 1241
2874 12017719 1429
2875 12019148 5123
2876 12024271 3040
2877 12027311 1295
2878 12028606 2787
2879 12031393 1442
2880 12032835 928
2881 12033763 2774
2882 12036537 1493
2883 12038030 906
2884 12038936 2999
2885 12041935 1221
2886 12043156 8778
2887 12051934 2607
2888 12054541 1623
2889 12056164 2233
2890 12058397 1989
2891 12060386 6252
2892 12066638 2077
2893 12068715 1565
2894 12070280 3146
2895 12073426 4058
2896 12077484 2682
2897 12080166 2881
2898 12083047 1035
2899 12084082 1417
2900 12085499 5504
2901 12091003 1645
2902 12092648 3617
2903 12096265 2079
2904 12098344 5807
2905 12104151 6779
2906 12110930 1219
2907 12112149 1518
2908 12113667 355
2909 12114022 2197
2911 12116219 2944
2912 12119163 1218
2913 12120381 1958
2914 12122339 920
2915 12123259 1866
2916 12125125 2965
2917 12128090 6884
2918 12134974 2659
2919 12137633 1561
2920 12139194 1766
2921 12140960 1703
2922 12142663 958
2923 12143621 8957
2924 12152578 5608
2925 12158186 5666
2926 12163852 5483
2927 12169335 6740
2928 12176075 2071
2929 12178146 19454
2930 12197600 7678
2931 12205278 1817
2932 12207095 1235
2933 12208330 3033
2934 12211363 1855
2935 12213218 2690
2936 12215908 4172
2937 12220080 1410
2938 12221490 592
2939 12222082 6569
2940 12228651 2413
2941 12231064 1826
2942 12232890 3344
2943 12236234 1886
2944 12238120 13756
2945 12251876 539
2946 12252415 1637
2947 12254052 3028
2948 12257080 2365
2949 12259445 2829
2950 12262274 18371
2951 12280645 2697
2952 12283342 729
2953 12284071 5954
2954 12290025 3330
2955 12293355 8947
2956 12302302 4019
2957 12306321 2045
2958 12308366 3426
2959 12311792 7592
2960 12319384 2636
2961 12322020 2733
2962 12324753 9664
2963 12334417 19341
2964 12353758 3112
2965 12356870 2749
2966 12359619 5372
2967 12364991 2257
2968 12367248 4263
2969 12371511 6592
2970 12378103 966
2971 12379069 4885
2972 12383954 8284
2973 12392238 5351
2974 12397589 6682
2975 12404271 926
2976 12405197 3791
2977 12408988 2955
2978 12411943 3590
2979 12415533 2546
2980 12418079 3706
2981 12421785 4692
2982 12426477 9636
2983 12436113 9643
2984 12445756 11535
2985 12457291 2159
2986 12459450 4802
2987 12464252 3024
2988 12467276 1654
2989 12468930 5792
2990 12474722 2037
2991 12476759 1929
2992 12478688 8398
2993 12487086 8801
2994 12495887 2764
2995 12498651 4499
2996 12503150 3154
2997 12506304 1950
2998 12508254 10655
2999 12518909 6288
3000 12525197 4889
3001 12530086 5312
3002 12535398 1326
3003 12536724 1862
3004 12538586 3611
3006 12542197 3710
3007 12545907 2539
3008 12548446 7694
3009 12556140 7011
3010 12563151 6494
3011 12569645 8808
3012 12578453 3159
3013 12581612 2819
3014 12584431 1852
3015 12586283 7069
3016 12593352 3420
3017 12596772 2659
3018 12599431 1171
3019 12600602 11645
3020 12612247 10849
3021 12623096 9910
3022 12633006 6945
3023 12639951 8945
3024 12648896 2301
3025 12651197 528
3026 12651725 2783
3027 12654508 631
3028 12655139 6381
3029 12661520 4308
3030 12665828 2330
3031 12668158 9201
3032 12677359 6529
3033 12683888 1570
3034 12685458 7422
3035 12692880 2741
3036 12695621 7692
3037 12703313 4483
3038 12707796 2948
3039 12710744 6318
3040 12717062 9262
3041 12726324 2982
3042 12729306 4394
3043 12733700 3906
3044 12737606 1724
3045 12739330 6526
3046 12745856 5483
3047 12751339 5242
3048 12756581 8038
3049 12764619 1846
3050 12766465 2828
3051 12769293 3234
3059 12772527 2623
3060 12775150 2726
3061 12777876 3572
3062 12781448 3470
3070 12784918 3795
3072 12788713 3070
3074 12791783 4305
3077 12796088 3998
3078 12800086 4160
3079 12804246 3544
3080 12807790 3644
3081 12811434 3806
3082 12815240 4005
3083 12819245 3472
3086 12822717 3764
3093 12826481 3479
3095 12829960 3091
3096 12833051 3133
3097 12836184 4062
3098 12840246 3268
3101 12843514 3408
3103 12846922 3454
3104 12850376 3516
3106 12853892 4674
3107 12858566 1511
3108 12860077 3414
3116 12863491 5066
3118 12868557 3290
3119 12871847 3639
3120 12875486 3731
3121 12879217 3481
3122 12882698 2737
3123 12885435 3239
3124 12888674 3647
3125 12892321 3196
3126 12895517 3551
3127 12899068 18940
3128 12918008 4517
3129 12922525 3782
3130 12926307 3622
3132 12929929 4330
3133 12934259 1239
3134 12935498 933
3135 12936431 2961
3136 12939392 4072
3137 12943464 3550
3139 12947014 3529
3140 12950543 2613
3141 12953156 1110
3142 12954266 4223
3143 12958489 19815
3144 12978304 3828
3145 12982132 4823
3146 12986955 3330
3147 12990285 4816
3148 12995101 3316
3150 12998417 3648
3151 13002065 420
3152 13002485 430
3153 13002915 446
3154 13003361 490
3155 13003851 460
3156 13004311 468
3157 13004779 492
3158 13005271 528
3159 13005799 476
3160 13006275 506
3161 13006781 482
3162 13007263 474
3163 13007737 490
3164 13008227 458
3165 13008685 526
3170 13009211 4105
3171 13013316 12669
3172 13025985 16851
3173 13042836 12214
3174 13055050 22487
3175 13077537 43481
3177 13121018 15782
3178 13136800 28274
3182 13165074 3904
3184 13168978 33593
3185 13202571 2388
3186 13204959 2271
3187 13207230 15046
3188 13222276 10939
3189 13233215 7810
3190 13241025 9423
3191 13250448 2471
3192 13252919 6062
3193 13258981 8337
3195 13267318 14029
3196 13281347 13308
3197 13294655 28278
3199 13322933 15763
3201 13338696 13724
3203 13352420 25064
3204 13377484 357
3206 13377841 30118
3207 13407959 6911
3208 13414870 22036
3220 13436906 2854
3221 13439760 16265
3222 13456025 4101
3223 13460126 12976
3224 13473102 16842
3225 13489944 12333
3226 13502277 22424
3229 13524701 94231
3230 13618932 28294
3232 13647226 14117
3233 13661343 13201
3234 13674544 28304
3236 13702848 25069
3238 13727917 29998
3239 13757915 28277
3244 13786192 3702
3245 13789894 10046
3246 13799940 16863
3247 13816803 12221
3248 13829024 17168
3249 13846192 42224
3252 13888416 28274
3254 13916690 304
3255 13916994 324
3257 13917318 14057
3258 13931375 13340
3260 13944715 277
3261 13944992 313
3262 13945305 1730
3265 13947035 28277
3267 13975312 10174
3269 13985486 55710
3271 14041196 5389
3272 14046585 8893
3273 14055478 7651
3274 14063129 6479
3276 14069608 94253
3280 14163861 5502
3281 14169363 5367
3282 14174730 6894
3284 14181624 6923
3288 14188547 11858
3302 14200405 3172
3303 14203577 7982
3304 14211559 3779
3305 14215338 5438
3306 14220776 10484
3307 14231260 7483
3308 14238743 8419
3309 14247162 24887
3311 14272049 15692
3314 14287741 5529
3315 14293270 5228
3316 14298498 3515
3317 14302013 6917
3318 14308930 3508
3319 14312438 2969
3320 14315407 3614
3323 14319021 15076
3325 14334097 11903
3326 14346000 6910
3327 14352910 13922
3328 14366832 14227
3330 14381059 5043
3335 14386102 3695
3336 14389797 5327
3337 14395124 10074
3338 14405198 7564
3339 14412762 8562
3340 14421324 16974
3342 14438298 15700
3345 14453998 5530
3347 14459528 5547
3348 14465075 5257
3349 14470332 6901
3353 14477233 11847
3354 14489080 6866
3359 14495946 3812
3360 14499758 5321
3361 14505079 10054
3362 14515133 7519
3363 14522652 8410
3364 14531062 17212
3366 14548274 15730
3369 14564004 5646
3370 14569650 5321
3371 14574971 6910
3375 14581881 16376
3377 14598257 6879
3379 14605136 11843
3393 14616979 15780
3395 14632759 3401
3397 14636160 3653
3398 14639813 5458
3399 14645271 10061
3400 14655332 7566
3401 14662898 8444
3402 14671342 23801
3404 14695143 5588
3405 14700731 5256
3407 14705987 6999
3410 14712986 11923
3420 14724909 3638
3421 14728547 5323
3422 14733870 10049
3423 14743919 7534
3424 14751453 8283
3425 14759736 17699
3427 14777435 15769
3428 14793204 6866
3430 14800070 5623
3431 14805693 5217
3436 14810910 8959
3441 14819869 3188
3446 14823057 3659
3447 14826716 5545
3448 14832261 10142
3449 14842403 7435
3450 14849838 8297
3451 14858135 17202
3454 14875337 15768
3455 14891105 9212
3458 14900317 5605
3459 14905922 5265
3462 14911187 6866
3466 14918053 6866
3468 14924919 9409
3485 14934328 3421
3487 14937749 3842
3488 14941591 5697
3489 14947288 10049
3490 14957337 7583
3491 14964920 8348
3492 14973268 24698
3494 14997966 15771
3496 15013737 5908
3497 15019645 10631
3499 15030276 7097
3501 15037373 5647
3502 15043020 5272
3503 15048292 3666
3506 15051958 9923
3514 15061881 3594
3515 15065475 5580
3516 15071055 10085
3517 15081140 7622
3518 15088762 8344
3519 15097106 17573
3521 15114679 15858
3525 15130537 5671
3526 15136208 5346
3532 15141554 9147
3534 15150701 11906
3538 15162607 4249
3540 15166856 15837
3545 15182693 6170
3546 15188863 5823
3547 15194686 10679
3549 15205365 3548
3550 15208913 5512
3551 15214425 10090
3553 15224515 8309
3554 15232824 16871
3557 15249695 5653
3558 15255348 5293
3559 15260641 7196
3561 15267837 17245
3562 15285082 14987
3564 15300069 3307
3566 15303376 6580
3568 15309956 10095
3586 15320051 8068
3587 15328119 2752
3588 15330871 3372
3589 15334243 5748
3590 15339991 10101
3592 15350092 8466
3593 15358558 22808
3595 15381366 15794
3598 15397160 5604
3599 15402764 5151
3603 15407915 10345
3605 15418260 11808
3607 15430068 15252
3613 15445320 2566
3614 15447886 4832
3615 15452718 9238
3616 15461956 6941
3617 15468897 7753
3618 15476650 16349
3620 15492999 15686
3622 15508685 3067
3624 15511752 5521
3625 15517273 5353
3632 15522626 57125
3633 15579751 7168
3635 15586919 15842
3637 15602761 5807
3640 15608568 5073
3641 15613641 5034
3644 15618675 13172
3646 15631847 10382
3648 15642229 3499
3654 15645728 3232
3655 15648960 6825
3656 15655785 3342
3666 15659127 3139
3667 15662266 5172
3668 15667438 5563
3669 15673001 4697
3670 15677698 5534
3671 15683232 1876
3672 15685108 3880
3673 15688988 6078
3674 15695066 2461
3675 15697527 4433
3676 15701960 970
3677 15702930 787
3678 15703717 4171
3679 15707888 2668
3680 15710556 2957
3681 15713513 1251
3682 15714764 1944
3683 15716708 2317
3684 15719025 2735
3685 15721760 2303
3686 15724063 1290
3687 15725353 4698
3688 15730051 4579
3689 15734630 3576
3690 15738206 3129
3691 15741335 4103
3692 15745438 4502
3693 15749940 2772
3694 15752712 3820
3695 15756532 2307
3696 15758839 1738
3697 15760577 2296
3698 15762873 20497
3699 15783370 3309
3700 15786679 4081
3701 15790760 1916
3702 15792676 8731
3703 15801407 2675
3704 15804082 5314
3705 15809396 5346
3706 15814742 3686
3707 15818428 4167
3708 15822595 5929
3709 15828524 3026
3710 15831550 5459
3711 15837009 1735
3712 15838744 2618
3713 15841362 5029
3714 15846391 4786
3715 15851177 3309
3716 15854486 5417
3717 15859903 5488
3718 15865391 4275
3719 15869666 2535
3720 15872201 4409
3721 15876610 7397
3723 15884007 4728
3725 15888735 899
3726 15889634 790
3727 15890424 2231
3728 15892655 1776
3729 15894431 934
3730 15895365 1836
3731 15897201 12134
3732 15909335 4432
3735 15913767 9978
3736 15923745 1113
3738 15924858 3377
3739 15928235 1399
3740 15929634 3513
3742 15933147 4663
3743 15937810 5538
3747 15943348 2576
3756 15945924 1544
3757 15947468 3316
3758 15950784 1878
3759 15952662 3273
3760 15955935 5109
3761 15961044 2128
3762 15963172 5828
3763 15969000 2298
3764 15971298 4213
3765 15975511 4914
3766 15980425 4324
3767 15984749 5468
3768 15990217 3024
3769 15993241 2756
3770 15995997 3749
3771 15999746 2131
3772 16001877 4015
3773 16005892 13146
3774 16019038 2522
3775 16021560 1926
3776 16023486 3630
3777 16027116 3873
3778 16030989 3883
3779 16034872 1904
3780 16036776 5446
3781 16042222 6884
3782 16049106 2516
3783 16051622 4590
3784 16056212 6984
3785 16063196 1511
3786 16064707 2492
3787 16067199 2681
3788 16069880 822
3789 16070702 5369
3790 16076071 277
3791 16076348 846
3792 16077194 3585
3793 16080779 5934
3794 16086713 1246
3795 16087959 1393
3796 16089352 3695
3798 16093047 2395
3799 16095442 2211
3800 16097653 3785
3801 16101438 4069
3802 16105507 937
3803 16106444 2946
3804 16109390 1148
3805 16110538 1792
3806 16112330 2011
3807 16114341 3135
3808 16117476 7152
3809 16124628 8621
3810 16133249 3975
3811 16137224 4006
3812 16141230 4636
3813 16145866 3912
3815 16149778 1166
3816 16150944 4225
3817 16155169 2717
3818 16157886 1725
3819 16159611 1087
3820 16160698 4049
3821 16164747 3885
3822 16168632 2899
3823 16171531 1299
3824 16172830 3175
3825 16176005 7700
3826 16183705 19083
3827 16202788 2206
3828 16204994 3794
3829 16208788 1656
3830 16210444 4262
3832 16214706 8863
3833 16223569 3153
3834 16226722 13386
3835 16240108 3754
3837 16243862 6384
3838 16250246 8720
3839 16258966 5777
3840 16264743 2176
3841 16266919 4984
3842 16271903 1223
3843 16273126 3873
3845 16276999 1674
3846 16278673 3449
3847 16282122 2815
3848 16284937 6302
3850 16291239 1816
3851 16293055 6764
3852 16299819 3683
3853 16303502 10444
3854 16313946 6990
3855 16320936 4572
3856 16325508 3534
3857 16329042 6462
3858 16335504 9648
3859 16345152 1602
3860 16346754 2787
3862 16349541 4569
3863 16354110 8723
3864 16362833 1595
3865 16364428 4825
3866 16369253 5670
3867 16374923 2554
3868 16377477 8584
3869 16386061 7407
3870 16393468 2421
3871 16395889 1465
3872 16397354 1645
3873 16398999 2678
3874 16401677 2586
3875 16404263 2257
3876 16406520 3068
3877 16409588 2074
3878 16411662 2992
3879 16414654 6960
3880 16421614 6366
3881 16427980 6898
3882 16434878 6777
3883 16441655 3949
3884 16445604 8130
3885 16453734 7791
3886 16461525 3121
3887 16464646 1804
3888 16466450 2988
3889 16469438 1620
3890 16471058 3030
3891 16474088 3441
3892 16477529 1865
3893 16479394 1532
3894 16480926 4776
3895 16485702 1749
3896 16487451 1523
3897 16488974 2469
3898 16491443 3620
3899 16495063 2068
3900 16497131 1463
3901 16498594 2816
3902 16501410 7822
3903 16509232 3337
3904 16512569 3630
3905 16516199 8879
3906 16525078 3738
3907 16528816 2829
3908 16531645 2206
3909 16533851 3572
3910 16537423 3499
3911 16540922 2075
3912 16542997 1604
3913 16544601 1798
3914 16546399 6364
3915 16552763 3203
3916 16555966 2239
3917 16558205 1864
3918 16560069 3426
3920 16563495 2009
3921 16565504 4154
3922 16569658 2718
3923 16572376 3761
3924 16576137 1750
3925 16577887 1541
3926 16579428 1550
3927 16580978 1622
3928 16582600 3652
3929 16586252 2737
3930 16588989 3964
3931 16592953 2383
3932 16595336 2397
3933 16597733 2591
3934 16600324 2374
3935 16602698 2536
3936 16605234 23255
3937 16628489 3216
3938 16631705 3618
3939 16635323 6320
3940 16641643 3089
3941 16644732 3297
3942 16648029 3410
3943 16651439 5237
3944 16656676 1612
3945 16658288 2589
3946 16660877 3419
3947 16664296 2450
3948 16666746 1078
3949 16667824 2361
3950 16670185 5081
3951 16675266 4225
3953 16679491 3775
3954 16683266 2637
3955 16685903 5418
3956 16691321 2525
3957 16693846 3787
3958 16697633 1097
3959 16698730 5312
3960 16704042 1440
3961 16705482 1212
3962 16706694 2042
3963 16708736 7441
3964 16716177 3327
3965 16719504 2535
3966 16722039 2681
3967 16724720 2749
3968 16727469 1921
3969 16729390 2440
3970 16731830 7166
3971 16738996 1558
3972 16740554 1149
3973 16741703 1149
3974 16742852 1141
3982 16743993 1124
3983 16745117 8084
3984 16753201 5550
3985 16758751 1324
3986 16760075 2008
3987 16762083 4759
3988 16766842 6789
3989 16773631 8190
3990 16781821 3920
3992 16785741 1248
3993 16786989 8860
3994 16795849 6020
3995 16801869 2064
3996 16803933 4459
3997 16808392 1946
3999 16810338 2404
4000 16812742 1272
4001 16814014 2925
4002 16816939 2159
4003 16819098 3016
4005 16822114 3772
4006 16825886 2598
4007 16828484 1516
4008 16830000 3411
4009 16833411 1658
4010 16835069 6376
4011 16841445 2470
4012 16843915 2157
4013 16846072 5076
4014 16851148 8572
4015 16859720 5194
4018 16864914 1467
4019 16866381 2470
4020 16868851 2366
4021 16871217 1824
4022 16873041 3507
4024 16876548 3931
4026 16880479 441
4029 16880920 2466
4030 16883386 2088
4031 16885474 2436
4032 16887910 2660
4034 16890570 8002
4035 16898572 5234
4036 16903806 5952
4037 16909758 4564
4038 16914322 2500
4039 16916822 2488
4040 16919310 7419
4047 16926729 1782
4048 16928511 1925
4049 16930436 641
4050 16931077 482
4051 16931559 605
4052 16932164 2577
4053 16934741 2519
4054 16937260 1922
4055 16939182 5774
4056 16944956 2037
4057 16946993 3825
4060 16950818 2388
4061 16953206 1578
4062 16954784 3013
4063 16957797 1780
4064 16959577 8311
4065 16967888 1700
4066 16969588 1618
4068 16971206 2815
4069 16974021 942
4070 16974963 1119
4071 16976082 15572
4072 16991654 6427
4073 16998081 13958
4074 17012039 731
4075 17012770 2764
4076 17015534 2046
4077 17017580 2603
4078 17020183 2779
4079 17022962 1772
4080 17024734 20058
4081 17044792 9033
4082 17053825 3566
4083 17057391 3548
4084 17060939 3389
4085 17064328 2097
4086 17066425 3356
4087 17069781 424
4089 17070205 2903
4091 17073108 1801
4092 17074909 4102
4094 17079011 2963
4095 17081974 923
4098 17082897 3840
4100 17086737 28630
4101 17115367 4208
4102 17119575 7395
4103 17126970 9325
4104 17136295 30306
4105 17166601 19677
4106 17186278 944
4107 17187222 610
4108 17187832 2318
4109 17190150 1608
4110 17191758 4959
4111 17196717 3309
4112 17200026 4042
4113 17204068 2494
4114 17206562 4585
4115 17211147 1138
4116 17212285 1997
4117 17214282 663
4118 17214945 415
4119 17215360 9913
4120 17225273 2294
4121 17227567 847
4123 17228414 3536
4124 17231950 925
4125 17232875 2579
4126 17235454 3117
4127 17238571 324
4128 17238895 7208
4129 17246103 19025
4130 17265128 5696
4131 17270824 1296
4132 17272120 2173
4133 17274293 2341
4134 17276634 2602
4136 17279236 1238
4137 17280474 8993
4138 17289467 3641
4140 17293108 2352
4141 17295460 22089
4142 17317549 846
4143 17318395 389
4144 17318784 1145
4145 17319929 3838
4146 17323767 1129
4147 17324896 3532
4148 17328428 3244
4149 17331672 1571
4150 17333243 1340
4151 17334583 2010
4152 17336593 2151
4154 17338744 1307
4155 17340051 3889
4156 17343940 546
4157 17344486 6464
4158 17350950 2568
4159 17353518 3666
4160 17357184 814
4161 17357998 1265
4162 17359263 2411
4163 17361674 683
4164 17362357 782
4165 17363139 5011
4166 17368150 8502
4167 17376652 4221
4169 17380873 12854
4170 17393727 4571
4171 17398298 2368
4172 17400666 2424
4173 17403090 656
4174 17403746 1373
4175 17405119 10079
4176 17415198 21758
4177 17436956 868
4178 17437824 3510
4180 17441334 1419
4181 17442753 1064
4182 17443817 5756
4183 17449573 1209
4184 17450782 907
4185 17451689 10817
4186 17462506 1352
4187 17463858 17722
4188 17481580 9470
4189 17491050 2840
4191 17493890 1352
4192 17495242 4595
4193 17499837 5952
4194 17505789 1056
4196 17506845 2298
4197 17509143 8162
4198 17517305 3251
4199 17520556 1838
4200 17522394 526
4201 17522920 1544
4202 17524464 2272
4204 17526736 5930
4205 17532666 1326
4206 17533992 3164
4207 17537156 1236
4208 17538392 1310
4209 17539702 1100
4210 17540802 5532
4211 17546334 926
4212 17547260 4360
4213 17551620 339
4214 17551959 8871
4215 17560830 3586
4216 17564416 1602
4217 17566018 1334
4218 17567352 6391
4219 17573743 4068
4220 17577811 1246
4221 17579057 2939
4222 17581996 2652
4223 17584648 1775
4224 17586423 4106
4225 17590529 12812
4226 17603341 1470
4227 17604811 4025
4228 17608836 3575
4229 17612411 1360
4230 17613771 1083
4231 17614854 3954
4232 17618808 6868
4234 17625676 1579
4235 17627255 1513
4236 17628768 1448
4237 17630216 2426
4238 17632642 2153
4239 17634795 1742
4240 17636537 1759
4241 17638296 1150
4242 17639446 1631
4243 17641077 800
4244 17641877 7016
4245 17648893 8123
4246 17657016 1472
4247 17658488 1078
4248 17659566 4662
4249 17664228 2417
4250 17666645 1160
4251 17667805 6429
4252 17674234 1765
4253 17675999 7546
4254 17683545 2160
4255 17685705 6383
4256 17692088 3986
4257 17696074 1386
4258 17697460 8326
4259 17705786 6887
4260 17712673 9522
4261 17722195 3635
4262 17725830 2218
4263 17728048 3384
4264 17731432 4721
4265 17736153 1674
4266 17737827 3757
4267 17741584 1652
4268 17743236 2702
4269 17745938 2683
4270 17748621 515
4271 17749136 4151
4272 17753287 6073
4273 17759360 1739
4274 17761099 3594
4275 17764693 2456
4277 17767149 5781
4279 17772930 4940
4280 17777870 908
4281 17778778 1274
4282 17780052 2034
4283 17782086 4066
4284 17786152 3495
4285 17789647 607
4286 17790254 4060
4287 17794314 2911
4288 17797225 2854
4289 17800079 3506
4290 17803585 5613
4291 17809198 4648
4292 17813846 5095
4293 17818941 2708
4294 17821649 9169
4295 17830818 9407
4296 17840225 5549
4297 17845774 2024
4298 17847798 7356
4302 17855154 2609
4303 17857763 8367
4304 17866130 1309
4305 17867439 1885
4306 17869324 3089
4307 17872413 4561
4308 17876974 2026
4309 17879000 1202
4310 17880202 1222
4311 17881424 5290
4312 17886714 2784
4313 17889498 4017
4314 17893515 1139
4315 17894654 2025
4317 17896679 1340
4318 17898019 2895
4319 17900914 1587
4322 17902501 740
4323 17903241 535
4324 17903776 864
4325 17904640 675
4326 17905315 536
4327 17905851 574
4328 17906425 1344
4329 17907769 3527
4330 17911296 3742
4331 17915038 515
4332 17915553 2088
4333 17917641 1341
4334 17918982 3399
4336 17922381 3271
4337 17925652 5327
4338 17930979 3013
4339 17933992 3814
4340 17937806 3293
4341 17941099 3042
4343 17944141 1938
4344 17946079 3201
4347 17949280 1945
4353 17951225 10078
4355 17961303 3827
4356 17965130 3451
4357 17968581 4221
4358 17972802 1520
4359 17974322 1461
4360 17975783 2356
4361 17978139 1953
4362 17980092 3105
4363 17983197 2764
4365 17985961 2391
